[app/ui]
version = 7.0.1
modtime = 1530013674.890162000

[app/launcher]
version = 7.0.1
modtime = 1530013674.891183000
